%YAML:1.0
---
Overall:
   Imagepath:
      - "/home/user/Desktop/CaliCam/src/piccali/img/image_1.png"
      - "/home/user/Desktop/CaliCam/src/piccali/img/image_2.png"
      - "/home/user/Desktop/CaliCam/src/piccali/img/image_3.png"
      - "/home/user/Desktop/CaliCam/src/piccali/img/image_4.png"
      - "/home/user/Desktop/CaliCam/src/piccali/img/image_5.png"
      - "/home/user/Desktop/CaliCam/src/piccali/img/image_6.png"
      - "/home/user/Desktop/CaliCam/src/piccali/img/image_7.png"
      - "/home/user/Desktop/CaliCam/src/piccali/img/image_8.png"
      - "/home/user/Desktop/CaliCam/src/piccali/img/image_9.png"
   Image Width: 848
   Image Height: 480
   rms: 4.2493233474991315e-01
   Intrinsic-Camera-Parameter:
      Focal x: 6.8132590321567557e+02
      Focal y: 6.8356710006414858e+02
      px cx : 4.1698330537696643e+02
      py cy: 2.2601067509062170e+02
      cameraMatrix: !!opencv-matrix
         rows: 3
         cols: 3
         dt: d
         data: [ 6.8132590321567557e+02, 0., 4.1698330537696643e+02, 0.,
             6.8356710006414858e+02, 2.2601067509062170e+02, 0., 0., 1. ]
   Distortion coefficients:
      k1: 2.1964109211173743e-01
      k2: -3.9329883947193001e-01
      p1: -1.2382856811865543e-02
      p2: -1.1867764634019711e-02
      k3: 3.3726932443309848e-01
      distCoeffs: !!opencv-matrix
         rows: 1
         cols: 5
         dt: d
         data: [ 2.1964109211173743e-01, -3.9329883947193001e-01,
             -1.2382856811865543e-02, -1.1867764634019711e-02,
             3.3726932443309848e-01 ]
   Extrinsic-Camera-Parameter:
      Translation: !!opencv-matrix
         rows: 9
         cols: 1
         dt: "3d"
         data: [ 6.4533373107512784e+00, -8.7434414240645153e-01,
             2.0300952512175698e+01, -2.3620299629770880e+00,
             -7.5742434948640214e-01, 2.1254416566723155e+01,
             -1.0702912156757131e+01, -6.7306948515848716e-02,
             2.1782351534342634e+01, -4.1268701077187782e+00,
             -3.8217017204765269e-01, 2.0115624714839498e+01,
             -3.2011712400499817e+00, 4.4061224768824667e+00,
             2.0591170125010247e+01, -3.0621983929978098e+00,
             1.7610923696592062e-01, 2.0876162236473586e+01,
             3.0044735194632226e+00, 5.3054078245727005e+00,
             1.9444700052839305e+01, 1.0329445498317378e+01,
             -4.1937870082405695e+00, 2.0837376767060036e+01,
             1.0965479676718495e+00, -4.0909997271577181e+00,
             2.0046225803768600e+01 ]
      Rotation: !!opencv-matrix
         rows: 9
         cols: 1
         dt: "3d"
         data: [ 4.3316009816689476e-02, 1.6064938066483669e-01,
             1.5342284525476593e+00, 3.9348845498982536e-02,
             2.3375307379859742e-01, 1.5353387071532072e+00,
             -1.9748741332748659e-01, -1.1484015156147308e-01,
             -1.5157533717235836e+00, -2.3170999830955102e-01,
             -1.1831089749798780e-01, -1.5152139109531395e+00,
             -1.8074493015400456e-01, -8.8962870300009031e-02,
             -1.4922396078662983e+00, -3.9621310528153960e-03,
             2.8427394124811156e-01, 1.5475971661032457e+00,
             -6.8901502670428660e-02, -1.7733475268820739e-01,
             -1.4994570477804376e+00, -7.5470082808202846e-02,
             1.7105922807083221e-01, 1.5261202129333094e+00,
             -5.0507239194545035e-02, 3.0954536605837552e-01,
             9.7901552525814528e-01 ]
